40000444000400444440000000004000444444000000000
44404444404440003400000000044404433334400000000
44000030000300003000004400003000000340000000000
03000030111111111111111111111111100300000000000
11100111222222222222222222222222211111110000000
22211222222222222222222222222222222222221111111
22222222222222222222222222222222222222222222222
22222222222222222222222222222222222222222222222
22222222222222222222222222222222222222222222222
22222222222222222222222222222222222222222222222
22222222222222222222222222222222222222222222222