00000000000000000000000000000000000000000000000
00000000000000000000000000000000000000000000000
00000000006000000000000999900000000000000000000
00000000111111111111111111111111100000000000000
11100111222222222222222222222222211111110000000
22211222222222222222222222222222222222221111111
22222222222222222222222222222222222222222222222
22222222222222222222222222222222222222222222222
22222222222222222222222222222222222222222222222
22222222222222222222222222222222222222222222222
22222222222222222222222222222222222222222222222